5803
29313
333
32764
10130
1641
123
12808
27360
22276
16029
26717
28446
23753
1015
884
1729
16711
22153
31509
19597
27143
6415
20615
28871
28876
5524
30432
5328
2777
25186
21504
3407
26921
23145
25915
21039
11423
19809
25816
22910
32652
26216
23027
9650
28645
32605
30639
19811
22816
26751
4215
5094
4163
25005
17399
17635
19204
4843
10368
18099
19667
2576
20738
6007
17189
3193
5711
26007
19117
267
15566
18491
19940
29958
8432
2853
28955
25910
5357
12564
14543
31466
18913
12249
4799
22211
18256
3657
31297
30321
17275
32291
30941
10322
16866
5671
3074
4230
2292
